0.000137399 3.04762e-05
0.000131722 0.025021
0.000122648 0.0500114
0.000114137 0.0750019
0.000115752 0.100023
0.000123642 0.125013
0.000131899 0.150004
0.000135469 0.175025
0.0001312 0.200015
0.000124498 0.225006
0.000116752 0.250027
0.000115917 0.275017
0.000120495 0.300008
0.000126873 0.325029
0.000132226 0.350019
0.000133376 0.37501
0.00012999 0.4
0.000124733 0.425021
0.000119784 0.450011
0.000117648 0.475002
0.000119075 0.500023
0.000122483 0.525013
0.000125861 0.550004
0.000129188 0.575025
0.00013067 0.600015
0.000130615 0.625006
0.000128036 0.650027
0.000125786 0.675017
0.000122663 0.700008
0.000120844 0.725029
0.00011945 0.750019
0.000120028 0.77501
0.000121266 0.80003
0.000123409 0.825021
0.00012551 0.850011
0.000127927 0.875002
0.00012878 0.900023
0.000129442 0.925013
0.000128366 0.950004
0.000127246 0.975025
0.000125643 1.00002
0.000123282 1.02501
0.00012153 1.05003
0.000120595 1.07502
0.00012022 1.10001
0.000120847 1.12503
0.000122142 1.15002
0.000123927 1.17501
0.000125751 1.20003
0.000127325 1.22502
0.000128216 1.25001
0.000128975 1.275
0.000128575 1.30002
0.000127631 1.32501
0.000126484 1.35
0.000124925 1.37502
0.000123276 1.40002
0.000121907 1.42501
0.000121041 1.45003
0.00012079 1.47502
0.000121238 1.50001
0.000122168 1.52503
0.000123471 1.55002
0.000124904 1.57501
0.000126322 1.60003
0.000127418 1.62502
0.000128048 1.65001
0.000128452 1.675
0.000128103 1.70002
0.000127397 1.72501
0.000126447 1.75
0.000125232 1.77502
0.000123907 1.80002
0.000122697 1.82501
0.000121865 1.85003
0.000121329 1.87502
0.000121339 1.90001
0.00012181 1.92503
0.000122628 1.95002
0.000123702 1.97501
0.000124842 2.00003
0.000125968 2.02502
0.000126923 2.05001
0.000127552 2.075
0.000127949 2.10002
0.000127953 2.12501
0.000127521 2.15
0.000126884 2.17502
0.000126048 2.20002
0.00012507 2.22501
0.000124031 2.25003
0.000123075 2.27502
0.000122364 2.30001
0.00012187 2.32503
0.000121731 2.35002
0.000121977 2.37501
0.000122501 2.40003
0.000123262 2.42502
0.00012413 2.45001
0.000125028 2.475
0.000125906 2.50002
0.000126645 2.52501
0.000127172 2.55
0.00012752 2.57502
0.000127603 2.60002
0.000127369 2.62501
0.000126932 2.65003
0.000126336 2.67502
0.000125615 2.70001
0.000124826 2.72503
0.000124024 2.75002
0.000123299 2.77501
0.000122727 2.80003
0.00012232 2.82502
0.000122161 2.85001
0.000122276 2.875
0.000122612 2.90002
0.00012314 2.92501
0.000123782 2.95
0.000124474 2.97502
0.000125181 3.00002
0.000125849 3.02501
0.000126411 3.05003
0.00012684 3.07502
0.000127134 3.10001
0.000127237 3.12503
0.000127126 3.15002
0.000126848 3.17501
0.00012643 3.20003
0.000125907 3.22502
0.000125324 3.25001
0.000124706 3.275
0.000124089 3.30002
0.000123535 3.32501
0.00012308 3.35
0.000122741 3.37502
0.000122574 3.40002
0.000122597 3.42501
0.000122789 3.45003
0.000123135 3.47502
0.000123586 3.50001
0.000124098 3.52503
0.000124642 3.55002
0.000125186 3.57501
0.000125692 3.60003
0.000126131 3.62502
0.000126488 3.65001
0.000126741 3.675
0.000126864 3.70002
0.000126848 3.72501
0.000126698 3.75
0.000126432 3.77502
0.000126079 3.80002
0.000125662 3.82501
0.000125204 3.85003
0.000124728 3.87502
0.000124261 3.90001
0.000123831 3.92503
0.000123459 3.95002
0.000123172 3.97501
